   50.140   98.273
   56.083   95.987
   59.207   87.452
   64.999   82.931
   68.936   73.660
   71.374   61.747
   69.063   56.794
   66.446   49.479
   67.310   40.691
   52.222   29.540
   36.652   39.853
   37.516   48.184
   31.852   56.337
   31.242   61.189
   32.436   72.187
   35.763   82.372
   41.148   87.401
   44.450   96.622
   43.663   85.725
   37.617   76.733
   38.532   69.418
   34.976   60.401
   52.349   32.868
   52.400   42.494
   51.359   60.071
   65.938   62.128
   62.052   68.809
   62.535   76.911
   55.855   85.903
   50.038   79.273

